lastAccountName: Maverick_W
timestamps:
  login: 1521831152910
  logout: 1521831362314
ipAddress: 177.223.24.3
lastlocation:
  world: world
  x: 307.5
  y: 69.0
  z: -499.5
  yaw: 0.0
  pitch: 0.0
logoutlocation:
  world: world
  x: 304.30000001192093
  y: 64.0
  z: -498.69999998807907
  yaw: 295.35004
  pitch: 9.899994
