lastAccountName: SnowAngel_
timestamps:
  login: 1521826819135
  lastteleport: 1521831762617
  logout: 1521832295562
ipAddress: 187.60.253.158
lastlocation:
  world: world
  x: 611.5
  y: 77.0
  z: -504.5
  yaw: -191.55067
  pitch: 3.5999863
logoutlocation:
  world: world
  x: 605.0246918404405
  y: 78.0
  z: -498.4084611951456
  yaw: 287.85034
  pitch: 16.20024
