world: world
x: 311.28967950610576
y: 64.0
z: -493.18721983457925
yaw: -271.04996
pitch: 14.399999
name: Loja
